003020600900305001001806400008102900700000008006708200002609500800203009005010300
200080300060070084030500209000105408000000000402706000301007040720040060004010003
000000907000420180000705026100904000050000040000801003270108000081502000304000000
030050040008010500460000012070502080000603000040109030250000098001040300080060020
020810740000000085080060020000107600700005008006208000010030090860000000095021030
000010030040709010020050097600804100800000006007106009560080070080605040050020000
000806000002003040080070500040000060501040308020000090007060080030100700000905000
009060040006007030040080700700503006002040800500908004007010080090800200020030900
070040030010060090000105400600403002080000070200801005009508000030070050040010060
006000300008935000700000006420800070003070800070009041200000005000648900009000400
080020000040000500000060079051008020000000000020500610390080000008000030000030060
000900002050000030006730100000002086009040500840600000001057300080000010700008000
003080070400007900800600050060500030009000200010008040020001005005900004070040100
007500900020040000600080030003020060900000007080060100010030004000090020006001700
000000000000103040570000080030000007006284500100000060080000093040907000000000000
060000030004009600008306400700820005005000800200035004003208100009600700010000020
030500804504000020000803000600004302000000000907800006000607000070000508805001030
000000090400060005006080700040070086000000000380040020003020600900060003060000000
006080300040050070300004001000803700507000408008605000400300005030040010002060800
000200004900060000003708200080005090050030060010200080004809300000020008700006000
060800040000040020800600307040008700700030009009700060503002001090060000010005090
060050700900800010000060050006008009400030007100600200030020000070001003005090020
001090000070000500400003009900004002080020090600900003100800007004000060000010400
006003008070080090500060040803100600000000000004006209020090006080060050100700400
040000050000400700000080006900200008026030490300006007700060000001007000080000070
083070400000090020000800036040007600200030005008600040570004000090080000002060710
000080070080000040000609800009005400000401000004700600007906000090000080030040000
000060800006001050020000006080000020100040003030000040800000090070800600005090000
020300001006000800010080070040070060000509000030060050060090040008000700700001020
000000000300070004040080030000605070080000050010304000030020010200040008000000000
080020000000307006000080090000000800060050030001000000040060000300701000000090050
000070000009500200030000070000080700080010090007060000060000040008007300000050000
030002080090000070000030009000080500080070090006090000300040000010000040040500030
000080000000009400607000030000060108010000060805070000070000204006300000000020000
000030080070800000000006500001000003000502000500000400008700000000001030040050000
000700000500060004009003080000090070000601000060050000080400700200030005000001000
000009000300000060004500800080060030050704090090050010003001700020000005000300000
000060800500008004060000070000020050040509060090040000030000080100400005008050000
000300080030070010009006000070090050004000600060030020000700300010060040080001000
000000000000060800060300040000080003020010070300090000070003060001080000000000000
000000000200050003007600040000040060080105070090020000040008700800030005000000000
000600000007030080090000050040000070000402000020000090060000010050070800000003000
000008000060000090700000020000060050020307040090010000010000008080000060000700000
000040000000100200050000060000070080060203090010040000090000010003005000000080000
000006000700000010080000030000080070030102060090040000060000020010000900000700000
000005000300000080040000060000090050020304070080020000050000090007000400000800000
000003000200000070090000040000040060080506030070030000060000050004000800000200000
000007000400000080060000020000050030070608020090020000080000070002000900000400000
000002000600000040030000080000030070090405060050060000040000030008000700000100000
000009000100000030070000040000080060040203050060070000030000080005000200000600000
